1993    2053
4003    4135
6031    6232
8055    8325
10044    10364
12091    12466
14114    14549
16126    16632
18148    18725
20162    20811
22210    22929
24293    25085
26253    27112
28310    29229
30308    31286
32336    33381
34314    35422
36361    37540
38423    39665
40449    41749
42485    43849
44477    45912
46522    48012
48575    50123
50565    52179
52638    54317
54669    56410
56637    58442
58594    60466
60579    62508
62548    64543
64472    66531
66490    68606
68435    70617
70477    72722
72480    74795
74434    76808
76449    78893
78393    80910
80450    83027
82520    85161
84512    87205
86474    89243
88446    91271
90454    93333
92520    95461
94536    97537
96559    99629
98627    101758
100704    103896
102798    106050
104799    108112
106898    110279
108914    112340
110895    114383
112961    116491
114957    118552
117082    120736
119056    122768
121054    124812
123076    126902
125047    128938
127136    131086
129137    133140
131119    135187
133131    137254
135181    139359
137130    141353
139111    143399
141158    145511
143129    147556
145072    149558
147101    151653
149133    153754
151182    155855
153230    157972
155259    160057
157250    162101
159296    164198
161331    166287
163344    168366
165375    170465
167440    172589
169445    174660
171430    176711
173455    178798
175512    180914
177550    183018
179562    185098
181568    187161
183532    189183
185584    191302
187570    193358
189538    195392
191616    197522
193614    199579
195604    201635
197647    203748
199664    205831
201672    207906
